ID_FILLER 0
TILES_SCENIC
{
	20 0 80
}
TILES_COLLIDABLE
{
	200 16 48 1
	201 0 48 0
	202 32 48 1
	203 0 64 0
	204 16 64 1
	205 32 64 1
}
ITEMS
{
	1 ++HP img/icon-item-heart-half.png HealthItem 1
	2 ++HP img/icon-item-heart-full.png HealthItem 2
	3 ++ATK img/icon-bullet.png StatItem Damage Add 1
	4 ++HPMAX img/icon-gold-heart-full.png StatItem MaxHealth Add 2
	5 --HPMAX img/icon-cactus.png StatItem MaxHealth Subtract 2
}
ITEM_LOOT_TABLES
{
	1 6 5 0.05 4 0.05 3 0.05 2 0.1 1 0.2 0 0.55
}
ENEMIES
{
	1 1.0 4 128.0 64.0 32.0 24.0 1 img/roach-sheet.png 60 30
}
SPAWNERS
{
	1 3 3 16 16 5 360
}
LAYOUT
{
	0 0 0 0 0 0 0 0 0 0 0 0 0 0 0 0 0 0 0 0
	0 0 0 0 0 0 0 0 0 0 0 0 0 0 0 0 0 0 0 0
	0 0 200 201 201 201 201 201 201 20 20 201 201 201 201 201 201 202 0 0
	0 0 203 20 20 20 20 20 20 20 20 20 20 20 20 20 20 203 0 0
	0 0 203 20 20 20 20 20 20 20 20 20 20 20 20 20 20 203 0 0
	0 0 203 20 20 20 20 20 20 20 20 20 20 20 20 20 20 203 0 0
	0 0 203 20 20 20 20 20 20 20 20 20 20 20 20 20 20 203 0 0
	0 0 203 20 20 20 20 20 20 20 20 20 20 20 20 20 20 203 0 0
	0 0 203 20 20 20 20 20 20 20 20 20 20 20 20 20 20 203 0 0
	0 0 20 20 20 20 20 20 20 20 20 20 20 20 20 20 20 20 0 0
	0 0 20 20 20 20 20 20 20 20 20 20 20 20 20 20 20 20 0 0
	0 0 203 20 20 20 20 20 20 20 20 20 20 20 20 20 20 203 0 0
	0 0 203 20 20 20 20 20 20 20 20 20 20 20 20 20 20 203 0 0
	0 0 203 20 20 20 20 20 20 20 20 20 20 20 20 20 20 203 0 0
	0 0 203 20 20 20 20 20 20 20 20 20 20 20 20 20 20 203 0 0
	0 0 203 20 20 20 20 20 20 20 20 20 20 20 20 20 20 203 0 0
	0 0 203 20 20 20 20 20 20 20 20 20 20 20 20 20 20 203 0 0
	0 0 204 201 201 201 201 201 201 20 20 201 201 201 201 201 201 205 0 0
	0 0 0 0 0 0 0 0 0 0 0 0 0 0 0 0 0 0 0 0
	0 0 0 0 0 0 0 0 0 0 0 0 0 0 0 0 0 0 0 0
}