ID_FILLER 0
TILES_SCENIC
{
}
TILES_COLLIDABLE
{
	100 16 0 1
	101 0 0 1
	102 32 0 1
	103 0 16 1
	104 0 32 1
	105 16 16 1
	106 32 16 1
	107 48 0 1
	108 48 16 1
	109 16 32 1
	110 32 32 1
}
ITEMS
{
	1 ++HP img/icon-heart-half.png HealthItem 1
	2 ++HP img/icon-heart-full.png HealthItem 2
	3 ++ATK img/icon-bullet.png StatItem Damage Add 1
	4 ++HPMAX img/icon-gold-heart-full.png StatItem MaxHealth Add 2
	5 --HPMAX img/icon-cactus.png StatItem MaxHealth Subtract 2
}
ITEM_LOOT_TABLES
{
	1 6 5 0.05 4 0.05 3 0.05 2 0.1 1 0.2 0 0.55
}
ENEMIES
{
	1 1.0 4 128.0 64.0 32.0 24.0 1 img/roach-sheet.png 60 30
}
SPAWNERS
{
	1 3 3 16 16 5 360
}
LAYOUT
{
	0 0 0 0 0 0 0 0 0 0 0 0 0 0 0 0 0 0 0 0
	0 0 0 0 0 0 0 0 0 0 0 0 0 0 0 0 0 0 0 0
	0 0 100 101 101 101 101 101 110 0 0 109 101 101 101 101 101 102 0 0
	0 0 103 0 0 0 0 0 0 0 0 0 0 0 0 0 0 104 0 0
	0 0 103 0 0 0 0 0 0 0 0 0 0 0 0 0 0 104 0 0
	0 0 103 0 0 0 0 0 0 0 0 0 0 0 0 0 0 104 0 0
	0 0 103 0 0 0 0 0 0 0 0 0 0 0 0 0 0 104 0 0
	0 0 103 0 0 0 0 0 0 0 0 0 0 0 0 0 0 104 0 0
	0 0 108 0 0 0 0 0 0 0 0 0 0 0 0 0 0 108 0 0
	0 0 0 0 0 0 0 0 0 0 0 0 0 0 0 0 0 0 0 0
	0 0 0 0 0 0 0 0 0 0 0 0 0 0 0 0 0 0 0 0
	0 0 107 0 0 0 0 0 0 0 0 0 0 0 0 0 0 107 0 0
	0 0 103 0 0 0 0 0 0 0 0 0 0 0 0 0 0 104 0 0
	0 0 103 0 0 0 0 0 0 0 0 0 0 0 0 0 0 104 0 0
	0 0 103 0 0 0 0 0 0 0 0 0 0 0 0 0 0 104 0 0
	0 0 103 0 0 0 0 0 0 0 0 0 0 0 0 0 0 104 0 0
	0 0 103 0 0 0 0 0 0 0 0 0 0 0 0 0 0 104 0 0
	0 0 105 101 101 101 101 101 110 0 0 109 101 101 101 101 101 106 0 0
	0 0 0 0 0 0 0 0 0 0 0 0 0 0 0 0 0 0 0 0
	0 0 0 0 0 0 0 0 0 0 0 0 0 0 0 0 0 0 0 0
}